unique_id
cd606cea-e832-4dca-a521-5fb0071361fe
2da0461d-edaa-43bb-86a9-98dccc681064
9bde984d-128c-4d1a-ae2f-ace03c0c35fa
59514ede-6185-4bbb-a4e7-7d8d6440c9bc
ac79285c-94f8-42ec-8d66-74b8afccbe0c
047ea033-c4f5-4408-97e7-ba9143af8549
a9be203b-9bd6-4ad9-80a9-00721a2c2041
a00e7d38-437d-48c7-94f0-e95ac5b91f35
541206d1-68ce-4b48-a756-2801cf0c1418
2f82caf5-0f42-47b6-8e84-e607846d20fe
55f82896-b92d-4976-aa78-43a61b1aaa11
4defdeac-7636-421f-9928-169df8d8082d
8c6bc1ac-ffb9-4a52-bc91-db7bfaa2a872
7514e3b1-e97b-410a-a662-90fe3aafd92a
c20be92d-97b2-4aac-a8dc-a3ca0ce36299
bbd8ebac-5bba-405d-bc8b-9d441705d33b
778fd35f-0554-4599-8846-ebd5c39d2647
83548c52-35c2-4210-a81d-7e577e20e571
79c2ac9e-51d6-4ffc-b042-b57e93ddeff3
0c04df6c-1418-4814-a9e0-c24ae74248e0
f76aa2b2-ec05-40c4-8082-b7e9a2946532
a7e901b4-3b99-4765-bee6-340628e82875
e7cb3d46-6598-4c11-b00b-88a21dda68d3
c7243502-233c-4d96-8b17-e9e120261711
675ba398-5942-4950-8130-832ab8eb30ca
b55f120c-9ba9-45ed-83cd-59580d254d16
348266fe-e72c-4972-986b-b85e77718681
1433c1ea-631a-4c0d-be00-7cba069a545d
d6931097-e194-435c-9f36-ee56919998e4
6b04fb2b-ebe7-4518-a9b2-40eba04b3a66
f3342bbe-163b-4faa-a2d4-28281f9d014a
509e7d43-f6c6-43b4-8e99-09299dbbd996
537e10cd-56bd-4e57-b4fb-82998e5fc409
d71b8ba5-47cb-437c-b7f8-45ff30d80594
8bfd96a3-2561-4f65-99ef-81ac870e8860
533b169a-7612-4aac-bdb8-131eaf9850e3
cc6ca2ee-3c37-44ad-a9e7-5030930c5cac
d9c3f583-a751-4f3c-a1ff-74c3fc37d85a
b231704e-b5d3-4ee8-8729-b775464b43e3
2d142119-6991-4182-9a95-cd94d9efef9a
8907f581-480a-4bd4-ba83-a37ff12e5a67
42d3bc43-2a88-4b8d-bc79-2bf95eb0d257
cf79c2ed-2533-4cb7-8fd1-c338c4967b72
7aad36c2-503b-4fe8-8d46-b24feb54cb47
2b0d4da8-daa0-4219-adc1-d70286f81984
f5ce4936-8e22-46b7-94d5-1284745f72fe
db89b042-3ebd-44d1-8768-82f2c42cee21
d4ab4b30-efda-4ce2-aa48-f6983d6870c3
ee44aebb-46f3-4348-97a9-2cb1d395e4f2
0e87195f-1e3d-489b-9fdb-d4e970436c25
dee32232-df94-42d6-908b-00e01d15aa36
34ae5780-bb81-4b2b-b0ae-5147bc81e24f
3b2d1679-e035-473a-bac6-006b421b2508
d85ea48b-0dac-454c-930b-951f3ba4267f
43ceb56c-9b6f-4daa-b87b-2a52ad0e35c4
7cf72343-f5a6-4315-966a-7bf024c7415d
ccbee217-84d0-4f35-8962-551cfbc77861
e6701b20-b546-432d-abc1-c241c9b01b89
363b5493-f8c7-4f00-b9bc-e1348f3278e0
daa94d15-ba3c-4da3-844c-954dbed1698c
f6a612ed-a54a-43b4-b7a7-68b83a7d1d55
556915ad-1247-4847-aded-b464a73566d3
c0a8d965-4a4f-42a2-be70-beb1ea4b3f47
25e9c59a-8526-411c-bdb9-eb3497b6c279
bf721cea-471f-49e4-bdde-0551f0197f7f
10ad0653-269c-45da-96eb-908efb5e014b
bcd878d3-dc60-478b-9c1f-4559189ed679
de07cc0d-2393-4537-8e4a-8f94a4f2f3ce
dd9fdd61-ff7d-4b79-ad6f-96756afc88db
ec827464-136a-45b6-8f71-7b4b6ad5a10c
ad016a89-617e-49ab-8027-34e57c2ba3b2
b2c0bc86-34d8-47b0-bc52-4321476a9e75
8ba02c91-8ed9-42c4-b312-fdee440f3407
3372b984-4194-41be-8fe5-38febfea5641
32227ec7-2d37-4355-afcf-5dd1dfea8c73
f1040da0-c890-404f-b7c5-f2d6ab4e0dbb
6a1d134a-4280-4552-ada2-4bfd6e54f7e6
b86db666-851a-4dc4-a6b6-b8e010eb8c7e
17461052-415c-4435-9fee-59b54b2236a3
48e6118e-deb0-4dd6-9567-c1f8cda6c3da
4403af1a-223b-43c5-ab18-e9b4fdbef565
d7bd21cb-72bc-40b2-a891-9a8f82cbd05e
7517a842-0cdf-4371-808b-7f661da3dd36
9807fa2a-1be3-40ee-8c53-b3061ff33c3b
04bf86fa-ffdc-4a3b-91a7-9af051f01934
133c6c64-8606-4c51-8246-959ddb5fec07
3e3181ee-c735-481d-b8ce-d6e62c6543f4
a77b3523-b722-4bbd-b02a-4dc9f6aa7573
5dabfe56-f575-4a93-984f-779d76572afc
40c0c486-6a68-4cbe-a501-98aab821e4dd
ba962d75-4cba-4599-821d-aae08401efad
b77c6065-72e6-4491-8e82-7f82015de76c
d12f4bd0-d045-44de-8da7-9a84a1e10442
04eddb2e-5291-4578-b7ec-ce4a3b8b0d7d
e700cecf-6d03-4182-a5ca-3614bf2deeff
a86ee9c4-d3fc-48aa-9d01-477aa61e5237
5decdf20-be83-42bf-8828-623a737b1512
7676094a-b8c2-4522-8aae-be34d1aefcf9
4caf7fb0-1883-40cf-9b43-e17aca78761b
ff3a62aa-047b-4ba1-96c6-35357601a8a2
e7c34f4f-663c-4b9e-8ef1-eabf04d13f06
f7ffb179-bd7c-4099-b6ec-a6092c17bfae
e8d55ec9-c099-450c-a37a-c191ebd9839d
f6412490-2548-4f5f-a38b-04842fe78d3e
cd1d6433-6a30-4f63-aac2-f43b7e322b82
55dff365-219b-4784-91ef-b12bf8358120
eadaa6bf-7f38-4cf1-be04-01882a3b0c67
0d469a01-8e6b-422c-812f-bec934769531
6d91e5b9-c552-448b-8e6e-764530a7bddd
de545729-1845-4535-bbc2-1141f66d0ff3
511b78b0-86ac-4376-a7df-65b2a887b50d
a4cfda3a-dc53-4ce6-a386-5bd420c52847
2fcca696-5521-476e-b828-9a1c568fdc17
afe7b33b-6907-4952-8cc6-250365157976
f9d8236e-c314-4870-9924-56ff182f2983
55d8b136-8d33-413d-aa8d-8b4559be77e6
5034b824-e16a-43e8-b102-8b8f24f0499f
4b8212be-9669-4d14-a840-b99c6175c627
2d66dba3-22fe-4bcd-9667-67befc14ba22
ccd2cdea-53f2-4786-8c12-096fdd05436a
b9551ef5-d4f3-4f1a-9206-04e88c8c6223
dccbc648-153d-4c82-bf44-c4d5693a6aef
d3c154ed-79fc-4c70-b8a8-ee5a7729890c
231fb4f4-0553-450a-92bb-45edcd8dc20e
69c15ca9-66ed-48dd-b416-b4d853bd3ee5
184bc82f-afc6-41db-b672-2880e73b52dc
9ee35600-121b-474b-967d-457f6a2a63f0
b32c0b68-d5d3-455f-99ea-14ce5b3199e3
bbe409ae-6334-44f0-8365-9cd3f539c109
ca2d11bd-e859-4efb-8934-879805c4e477
cf32706f-a1b9-4b1b-bace-567383dd0d85
fb2ab263-aac4-4e56-b339-30b2687b7f43
5347b2bb-f262-445d-beda-b4b7475aab97
74c66b40-2773-4b43-99d6-3e1d9e0b69e2
f67edec9-6de6-46b3-8b18-810186ca3dbc
f98cd860-bacb-4fbe-81cb-8649b72e63a3
ecfb8d2d-8679-48f6-ab11-d53d08b7b11f
f3270ed9-357d-4bfb-8457-1cc47cde297d
7c831570-0520-44a5-932b-93ab8a2ced28
8c64009c-73f6-443a-b04c-62f402ea0242
0960b1ba-3a1b-4847-b2ea-838483203b75
a1c2d51c-48b0-4d04-9c44-246426a3db69
18fe147d-4fe9-4589-a29c-f19d35216153
e67cf216-a6a4-4651-9b23-2fa4fb61d341
f0ffba2b-f52e-48d9-acc1-c436526f5c14
1e2cea5b-68f7-49c9-ba09-c0693d051bb6
dc6655ff-bdf4-4021-a8de-c56992c1a4d4
b289858a-af59-4e74-b2d1-a43b96959497
434f7d39-950b-4780-857f-42be031db33e
ad6b26b0-b9ba-4a0c-97df-cc6b46c1fce5
05563d47-d824-4eda-9ea6-1f6dca69c6f5
ef951bee-d2d0-45e2-b59e-53026d947576
7b415997-2e57-442d-b6f4-f768e215d1ae
a5edf9dd-da92-465b-b3fb-ff5a938c8658
04514505-0bd7-4095-b9a6-9442d3f7c697
59e08528-193c-4abb-9a16-8005b70a2685
f6a2e8a8-b644-4018-8d6b-078cad5e76e8
111945f4-b283-4a74-8369-dc045066c3b4
e5f11dc7-4888-4c2d-9403-c534d10eb446
1535b83c-69fd-4c28-b1c0-436cd77e4418
b013cd77-38e6-437e-9beb-fc21e33b05c7
89308fdf-515b-4ba6-b91c-c6b582020cde
9145597a-68ed-4c40-a3d1-81aa8f0dc3a3
3d00f35c-4308-4be9-8b4e-fcdf7f217f84
62f5725b-f8a4-4131-828b-58b29a846b06
02ac6ead-a6f5-4b07-80cd-693a1d62aae8
e882d0d8-408f-4cd1-ba81-effbe188fac4
2a73201a-0019-472d-9a01-b98dd5295485
e5507434-ca37-436c-a544-7fc8a110c283
57ea6a2f-1aed-4c8e-a2aa-fba804712bea
4aa15996-7a68-41c3-997f-77b80fcdc084
d54e6715-8e8a-403d-b35c-925e6a70dbd4
0133d27b-9b32-4d5a-ac6e-b16d108efaa9
14a29a0f-21d9-414a-a118-ecb934ff8302
15884a4a-6917-4ff6-afea-965761182572
740f0735-bb6e-49ce-b5fb-1d3934ea08b5
e89d429c-22ec-454f-a1ee-a6758f0eb255
a1212d8a-3825-471b-9b77-860806ab25f2
6a35f1ce-3346-4a21-bdee-0bffb55fb6f8
c9aef4f9-d166-4689-ac4c-3e0d59d76d16
67fd5f90-e3aa-4271-8ba3-d752626c6a47
6a6436c1-25cc-4565-9fe3-0d1c95e406c9
0df3e5a7-1438-4170-bc9a-923864be9c0a
b78cdcd6-70eb-495d-a64d-84c3a787e017
48635500-baf9-42ff-8c4a-4665517352a3
bdef2b59-baa2-4d9d-bc42-36aaeb09b752
216f5fc1-82b4-47ce-8e44-89342e294add
5d268db9-377c-4020-9f88-a6c14add882b
94bc9aca-c9ae-4830-a7c3-e473e174fb10
c4039bb8-0be7-4a62-84cb-f776921c7bfb
369d2142-7829-4807-96af-b9b14efc6569
4b8da207-0f0e-4339-93ec-4ba6e5c7848c
45ad639c-068e-47de-bbca-01b19bf9e448
b60ba9e4-83c3-4254-a41a-a0fa9aba2cd9
6c621644-c28c-49ad-841d-c4fcd693e09f
4a6eb3b4-31e3-4dbd-87d8-678af632e95f
d3328e56-328a-49ba-9b33-c543a102e57f
c1097c46-f195-426e-b50e-96a57ea50182
724942d7-ddd8-44b5-9ecf-4fe7697f19eb
fa42c7c6-e732-4b74-a287-d0d410f301cd
